2.31
2.15
2.24
1.43
2.1
2.29
2.52
1.95
2.09
2.21
2.18
2.19
0.89
2.4
1.49
2.16
2.07
1.56
2.38
1.33
2.0
2.36
2.14
2.22
1.82
2.38
2.13
2.09
2.12
2.32
2.49
1.85
0.89
2.25
0.85
1.98
2.36
2.86
2.76
2.17
2.16
1.97
2.15
2.33
2.41
1.86
2.39
1.54
2.53
1.96
2.07
-3.81
-0.81
-2.27
0.94
-3.15
2.49
1.97
-1.58
2.4
-3.04
-2.47
-2.38
1.94
2.29
-2.03
-2.73
-2.89
-3.22
2.27
2.2
-5.24
-3.87
-5.54
2.22
2.05
-4.6
1.1
-4.62
-5.6
-3.24
-3.77
1.28
-2.44
-2.15
-5.62
-3.66
2.23
-5.44
-4.81
2.99
2.36
2.17
2.62
1.17
0.93
2.22
1.74
2.7
2.44
2.2
-2.44
2.15
2.56
2.65
-5.64
1.54
2.8
-3.14
2.96
-5.53
2.2
2.48
-5.48
2.24
-3.36
2.67
2.47
2.35
-2.37
1.42
-5.44
2.44
2.79
-5.66
2.37
-4.8
2.45
-4.16
2.21
3.22
2.13
2.31
-3.8
1.72
2.21
3.11
4.02
-2.45
-4.59
1.83
1.93
2.39
2.46
1.14
1.83
2.02
2.71
2.73
1.86
1.45
-3.94
1.99
1.9
2.2
-5.39
2.67
1.92
-4.61
2.77
-2.93
-0.35
2.66
-5.22
2.32
-4.67
2.71
1.74
2.7
-5.37
2.1
-5.71
2.27
2.94
-5.46
2.19
-5.48
2.76
-5.29
2.65
2.91
1.89
-0.3
-3.99
2.7
2.46
2.71
2.63
-4.91
-2.93
2.89
2.64
1.6
2.83
1.9
1.94
1.52
2.64
1.93
2.47
2.12
-5.6
-2.51
-3.55
1.45
-5.57
2.24
2.6
-3.64
3.04
-1.67
-5.22
-5.53
2.16
2.05
-2.48
-3.36
-1.88
-2.64
2.25
1.64
-2.09
-5.5
-5.53
2.39
2.33
-5.5
2.44
-4.85
-5.56
-4.31
-3.44
2.38
-2.2
-3.92
-3.29
2.37
2.36
-3.43
-4.36
3.06
2.59
1.14
1.53
2.83
1.39
1.42
3.24
2.61
1.91
1.29
1.91
0.02
-5.32
0.51
-5.44
2.98
0.92
-3.45
2.43
-4.97
-4.56
3.13
2.1
2.62
-3.85
3.21
2.35
2.76
1.73
2.88
-5.3
-5.26
2.41
1.44
2.22
-5.43
1.22
2.01
2.66
2.99
-5.14
1.53
-5.39
1.4
2.43
1.8
1.04
-2.63
-4.6
1.97
2.96
2.73
2.61
3.55
0.01
5.38
2.73
3.17
3.26
2.93
-0.65
2.64
-4.83
-0.89
-2.41
0.76
2.68
-5.52
3.25
-5.48
-0.53
-5.03
2.73
3.55
-3.6
1.22
3.44
1.8
0.83
-0.02
-4.04
3.14
-3.1
0.68
3.47
-4.64
2.46
6.07
2.88
3.0
-5.17
3.03
-5.36
1.14
4.81
1.07
-0.88
2.41
1.06
1.55
2.92
3.0
3.51
2.92
-0.8
2.99
1.02
3.87
3.25
3.56
-4.78
-2.16
-5.36
3.63
-3.24
-3.03
-4.69
-5.0
-0.41
-5.48
1.43
2.43
-5.27
2.96
-5.31
0.97
1.6
3.0
4.16
2.85
-5.02
3.75
3.16
-5.09
2.54
-5.08
4.51
-5.38
-5.33
-3.64
-4.17
1.71
-5.43
-3.16
-2.22
-4.31
3.91
-4.8
-5.43
-0.91
3.17
4.87
2.28
2.26
3.53
3.47
0.44
4.55
1.29
2.63
2.78
3.42
2.61
3.38
3.78
2.89
3.65
2.98
2.71
4.98
2.6
4.38
3.85
3.64
3.31
3.01
3.49
2.48
3.74
5.36
3.5
3.91
3.18
3.33
3.95
4.01
3.6
2.83
4.01
2.7
3.34
3.39
3.03
3.89
3.2
3.79
3.8
6.48
4.55
3.17
5.32
5.45
6.07
4.15
5.06
4.98
4.52
3.36
4.98
-0.09
-0.35
-0.5
-0.12
-1.94
-4.8
-1.1
-0.87
-0.35
-1.66
0.27
0.04
-1.16
-0.49
-0.44
-0.41
-0.28
-0.55
-2.56
-0.62
-0.41
-0.84
-0.5
-0.35
-0.48
0.06
-0.91
1.18
-0.22
0.25
0.04
-0.28
0.42
-1.36
-0.62
-0.13
-0.42
-0.05
-0.18
-0.22
0.11
-0.04
-0.08
-0.34
0.09
0.12
-0.24
0.02
-0.04
-0.16
-0.45
-0.89
-0.43
-0.2
-5.0
-3.5
-4.41
-3.96
-0.69
-0.01
0.07
0.12
-0.4
-0.39
-0.81
-0.62
-0.57
-0.33
-0.45
-0.36
-0.02
-0.37
-0.14
1.54
-0.35
-0.51
-0.02
-0.73
-0.31
-0.41
-0.36
-0.2
-0.72
-0.67
-0.37
0.33
-1.45
0.01
-0.12
0.27
-0.19
0.12
0.04
0.1
0.05
1.82
-0.29
0.24
-0.4
0.08
-0.5
-0.05
-0.43
1.39
-4.86
-2.59
-4.56
0.36
-0.48
0.64
-5.04
-1.08
0.24
0.15
-0.6
-0.19
0.54
-0.38
-1.63
-0.42
-0.29
-0.23
1.39
-0.35
-0.26
-0.23
0.04
-0.28
-0.18
-0.11
-0.01
-0.87
-0.29
0.13
-0.35
-0.61
-0.13
-0.14
0.07
-0.29
-0.12
-0.01
-0.08
-0.81
0.28
0.96
-0.03
-0.11
-0.0
0.01
-0.45
-0.49
-0.06
-0.27
-2.66
-5.41
-1.78
0.2
-0.02
0.09
-0.19
1.82
-0.06
-0.06
-0.72
-0.51
-1.62
0.01
-0.32
-0.73
-0.55
-1.13
0.05
-0.2
0.21
-0.07
-0.89
-0.01
-0.61
-0.44
-0.78
-0.32
-0.5
-1.51
0.47
-0.48
0.01
-0.03
0.09
0.68
0.15
0.04
0.17
0.8
0.25
0.06
0.58
-1.07
0.1
3.28
-0.6
-0.11
-0.12
0.18
0.7
-0.09
-3.86
2.1
-0.0
0.71
0.02
0.1
0.01
1.96
-0.98
-0.38
1.08
-0.01
-0.28
-0.59
-0.28
0.1
-0.31
0.53
-0.79
-0.1
-0.09
0.45
-0.21
-0.12
-0.29
-0.36
0.24
-0.0
0.38
0.1
0.05
-0.09
-0.03
-0.54
-1.13
-1.54
-0.66
-0.91
-1.03
-1.51
-1.12
-1.14
-0.76
-0.8
0.26
-0.41
-0.31
-0.04
-2.04
-0.47
-4.6
-2.39
-0.3
0.2
-0.11
-0.01
0.04
0.33
-1.99
-5.26
4.04
-0.49
0.08
-0.07
-0.11
0.05
1.49
-0.31
0.11
0.15
-0.65
-0.36
-0.31
0.05
-0.21
-0.19
0.05
-0.02
-0.11
-0.86
-0.4
-0.25
-0.17
-0.14
-0.63
-2.22
-1.68
-2.23
-0.88
-1.92
-1.78
-1.0
-4.87
0.23
0.04
-0.05
-1.06
0.08
-0.41
-0.32
-0.24
-4.79
0.5
0.11
-0.3
0.14
-0.17
-0.44
-0.78
-0.11
-0.31
-0.46
0.39
-0.41
0.23
-0.29
0.18
-0.03
-0.04
0.14
-0.58
-0.45
-0.47
0.04
0.46
-0.25
-0.0
-0.02
-1.54
-0.09
1.21
-1.25
0.12
0.06
-1.01
-4.14
-1.33
-1.75
-1.26
-1.36
-5.38
2.1
2.41
0.18
-0.33
-0.03
0.08
-0.28
0.01
0.23
-0.81
-1.28
-0.03
0.59
0.25
-0.1
-0.37
-0.02
0.55
0.14
0.05
0.13
-4.66
-0.37
0.63
0.21
-0.33
-0.75
-0.0
-0.49
0.38
-0.08
0.09
-0.53
-1.01
-0.08
0.13
0.8
0.01
0.69
0.08
-0.04
1.04
-0.85
-1.2
-1.21
-1.29
-1.7
-5.2
0.03
1.97
0.16
1.11
0.19
-0.63
0.11
-0.14
0.24
-0.1
0.31
-0.03
0.15
-3.08
-0.09
0.31
0.54
-0.04
1.72
0.06
0.09
0.51
-0.13
-0.04
-5.14
0.21
-3.43
0.07
-0.0
-0.36
1.37
-0.02
-0.75
-0.18
-0.02
0.59
0.0
0.49
-0.39
0.32
0.18
-0.3
-0.07
-0.03
-0.18
-0.89
-1.03
0.27
0.19
-0.02
0.01
-0.31
0.6
-0.09
0.52
-0.13
-0.83
0.28
-0.01
-0.07
-0.26
0.02
-0.04
-1.55
0.26
0.1
-0.13
0.21
-0.46
1.65
-0.17
-0.3
0.05
0.02
0.36
1.67
-0.15
-0.47
-0.16
-0.04
0.15
0.01
0.18
0.08
-0.96
0.17
-0.49
-0.22
-0.17
-0.02
-0.27
0.18
-0.3
0.23
-1.37
-0.06
-0.06
-0.04
0.14
-0.01
-0.03
-0.17
0.75
-0.03
0.65
-0.1
0.09
0.6
-0.06
0.68
-0.35
0.03
-0.81
-0.73
-4.78
2.11
-0.14
-0.13
0.14
-0.3
-0.35
0.18
-0.57
-0.04
0.08
-0.15
2.09
-0.55
-0.59
0.04
0.32
-0.77
-0.2
2.47
-0.78
-1.74
-2.33
-5.1
-2.85
-1.08
-0.45
-0.55
-0.8
-0.08
3.16
-0.02
0.22
0.01
0.12
-0.13
0.25
0.01
-1.17
0.28
1.09
-2.48
0.35
-0.04
0.29
0.17
-0.51
0.11
-0.75
-0.72
-1.01
2.24
0.78
-0.43
0.39
0.01
-0.07
0.19
0.6
0.63
-0.12
-0.13
-0.11
-0.68
-0.09
-0.07
0.26
-0.1
-0.22
-0.58
1.74
0.5
2.28
1.88
2.21
0.62
0.01
0.29
-0.07
0.16
-0.8
0.52
0.7
0.11
0.11
-0.28
0.93
0.65
0.09
0.05
0.3
-0.91
-0.18
0.02
-0.09
-0.01
-0.03
-0.81
-0.97
-0.99
-1.22
-0.85
2.29
-2.49
0.21
0.3
-0.05
0.0
0.55
0.5
0.11
-0.06
0.2
0.19
0.08
0.15
0.1
0.11
0.24
0.75
-0.01
1.09
0.12
0.0
0.71
0.09
-0.12
-0.05
0.06
-0.41
2.23
0.75
0.14
-0.13
0.04
0.07
0.49
1.93
-0.03
0.27
0.21
0.24
0.21
-0.29
-0.13
0.19
0.21
-0.82
-0.11
-0.91
-1.01
-1.38
-3.03
0.3
0.0
0.35
0.11
0.82
0.62
0.21
0.8
0.57
0.7
0.55
-0.04
0.43
0.09
0.16
0.03
0.24
0.24
1.17
0.03
0.15
-0.1
0.11
1.02
-0.95
0.33
0.62
0.71
0.04
0.14
0.32
0.61
0.85
0.07
-0.18
0.09
1.05
0.28
-0.95
-0.67
-1.73
-0.82
-0.93
-1.02
-0.95
-0.98
-0.78
-1.49
-1.32
-1.69
-3.89
3.51
-0.08
0.16
0.56
0.75
0.37
0.82
0.39
-0.7
1.31
0.47
0.06
0.59
0.53
-0.04
0.21
0.39
0.69
0.68
-0.04
0.55
0.62
0.63
0.59
0.17
0.29
0.65
-1.33
0.53
1.08
-0.37
0.57
0.63
0.01
0.57
0.69
2.12
-1.62
-1.06
-1.13
-1.11
-1.0
-1.17
-1.16
-1.53
-1.19
-1.05
-1.93
-0.79
-4.59
-5.53
0.23
0.57
-4.98
1.33
0.23
0.14
0.69
0.43
0.67
0.25
0.32
-0.03
0.81
-1.59
1.47
-0.34
0.41
0.4
0.95
0.77
0.72
0.26
0.66
0.76
0.78
0.77
0.61
0.08
0.53
0.57
1.24
-0.29
4.67
1.41
1.72
0.1
-1.75
-1.64
-1.31
-3.02
-0.88
-2.88
-2.46
-1.07
-1.2
-1.13
-1.5
-1.67
-1.74
-3.07
-5.21
-4.44
-0.04
1.14
0.06
1.03
0.76
-0.22
0.86
0.86
0.61
1.15
-0.06
0.26
1.29
1.04
0.73
0.15
0.6
-0.68
-0.22
1.24
-0.27
1.15
0.84
-0.72
0.7
0.64
-0.26
0.18
0.88
1.15
0.94
-0.86
0.18
0.16
-2.55
-4.55
-3.64
-4.51
-2.44
-4.42
-1.88
-2.52
-1.5
-0.91
-1.53
-1.22
-2.15
-2.61
-5.31
0.33
1.02
0.24
1.94
0.13
-0.01
0.82
1.0
0.72
1.03
0.68
0.58
0.31
0.66
0.78
4.58
0.33
1.11
0.66
0.56
1.52
0.93
0.91
0.4
0.79
0.51
0.65
0.6
0.58
1.2
1.11
-4.9
0.02
-0.34
-0.29
-3.88
-3.12
-4.28
-4.17
-3.71
-4.41
-1.52
-1.9
-1.23
-0.71
-3.65
-2.19
-1.24
-1.59
-1.36
0.58
1.03
1.7
0.28
0.9
4.54
-0.07
0.7
1.05
0.6
0.19
0.35
0.83
1.79
1.16
1.01
0.96
1.09
-0.17
1.38
1.17
0.38
1.0
1.0
-0.05
0.9
0.71
0.8
0.54
0.75
-4.0
-0.53
-0.54
0.6
0.07
-1.11
-2.11
-4.86
-5.07
-5.38
-1.92
-5.31
-3.82
-2.09
-1.42
-0.4
-1.19
-1.05
-1.57
-0.17
1.59
0.93
0.59
0.43
1.33
0.76
-0.54
0.88
0.61
0.63
0.93
1.18
1.13
0.62
0.14
0.64
0.41
0.99
0.71
1.92
0.74
0.69
1.22
0.25
1.2
0.58
0.61
0.06
1.16
1.11
0.9
-0.13
-0.21
-0.1
0.62
-5.33
-3.18
-3.85
-4.66
-2.64
-4.64
-3.14
-4.41
-1.99
-1.02
-0.9
-0.85
-1.02
-5.05
1.23
0.75
0.99
1.12
1.02
-4.83
0.66
-2.06
0.59
0.97
1.06
0.91
0.74
1.07
1.26
0.74
1.11
0.32
1.27
1.06
0.88
0.21
0.15
-4.84
-5.23
0.86
1.05
1.16
3.38
1.11
0.63
1.25
-5.42
-0.75
0.17
0.08
-5.54
-4.57
-2.55
-4.84
-3.42
-2.4
-4.24
-3.96
-2.06
-0.93
-0.93
-2.36
-1.0
2.46
1.06
1.04
1.0
0.91
1.8
-0.04
2.46
-4.52
-4.33
1.58
0.28
1.03
1.12
0.44
1.12
2.05
1.32
1.51
4.88
1.16
0.91
-4.62
1.27
1.96
-1.83
1.29
1.13
1.45
1.5
0.79
0.97
0.67
0.73
-0.08
-0.8
-0.58
-4.02
-2.73
-4.96
-0.53
-4.67
-4.24
-4.81
-4.32
-2.45
-1.37
-0.7
-0.91
-0.76
0.73
1.63
1.11
1.1
0.76
1.74
-1.68
-3.49
-5.06
-4.86
2.2
1.17
1.98
1.13
1.36
2.28
1.16
-0.12
1.94
1.24
0.87
1.75
-5.33
-2.86
-1.82
-4.58
2.11
0.96
1.46
1.14
1.08
1.26
5.68
2.28
-1.32
-0.86
-0.09
-3.47
-4.2
-4.98
-4.85
-3.79
-4.72
-2.04
-2.45
-3.73
-1.08
-0.93
-0.87
-4.24
1.73
1.05
1.56
0.83
0.79
1.05
-4.6
-4.43
-2.42
0.25
0.58
1.75
1.51
1.38
1.06
1.98
1.06
1.12
1.17
2.24
1.83
0.71
0.65
-3.46
-1.65
-2.96
2.18
1.16
2.05
1.14
1.13
0.83
2.34
1.0
-5.44
-1.26
-1.1
-4.84
-4.99
-4.72
-5.35
-3.24
-3.6
-4.31
-1.54
-2.67
-1.43
-0.45
-0.75
2.34
1.0
1.05
1.72
1.55
1.63
1.09
1.3
-3.23
-0.67
1.66
1.23
0.99
0.61
1.18
1.6
1.47
1.37
1.16
1.13
1.2
1.26
2.09
1.63
2.1
-0.15
1.19
4.73
1.3
1.07
1.38
1.19
1.29
1.94
1.2
2.37
-0.56
-0.97
-5.01
-4.85
-1.96
-5.22
-4.74
-5.16
-4.64
-2.5
-1.94
-1.43
-1.08
-0.23
1.96
0.11
1.79
0.9
1.75
1.68
1.65
2.09
1.66
1.73
2.23
1.78
1.24
1.07
-5.21
-2.59
-3.02
-0.06
1.65
1.25
1.76
1.78
1.81
1.87
1.64
1.57
1.82
1.95
1.49
1.75
1.81
1.8
1.15
1.57
2.09
1.56
-1.01
-0.95
-2.98
-4.23
-3.75
-5.16
-5.16
-5.13
-5.37
-2.89
-1.73
-1.59
-0.2
-1.55
0.48
1.33
-0.51
-0.14
1.18
1.94
1.33
1.82
1.86
1.32
2.16
1.36
1.54
1.58
1.85
2.22
2.14
1.46
2.59
1.57
1.91
1.83
0.97
1.3
1.93
1.81
1.05
1.62
1.81
4.39
-0.99
1.33
1.72
1.7
1.93
1.46
-4.53
-0.89
-3.29
-4.8
-4.9
-4.96
-4.43
-2.76
-4.53
-1.3
-0.88
-0.17
-1.09
-5.32
2.41
-0.1
0.1
0.02
0.61
0.1
1.5
2.94
1.63
0.98
1.93
1.82
1.05
1.83
1.69
2.02
1.46
2.05
1.82
1.59
1.26
1.75
1.75
1.75
2.01
1.73
1.53
-0.17
-0.05
0.21
-0.29
-0.39
-0.32
1.96
1.65
1.93
-0.88
-0.92
-1.51
-1.76
-2.33
-2.24
-3.0
-1.38
-1.35
-0.74
-0.42
-0.47
-0.61
-4.26
-0.56
-0.05
-0.04
0.33
-0.16
0.54
2.06
1.46
1.27
1.76
2.66
2.04
1.24
1.64
1.74
1.54
1.82
1.2
1.03
2.0
2.74
1.87
2.26
2.3
1.93
1.77
1.97
-1.03
-0.19
-0.12
0.45
0.73
-0.2
0.06
1.95
1.95
1.06
-1.15
-0.86
-1.32
-1.78
-1.09
-1.09
-0.99
-0.85
-0.8
-0.99
-0.4
-0.8
0.5
-0.3
-0.26
0.24
0.34
0.16
0.3
1.91
2.08
1.24
1.99
2.18
1.92
2.05
1.44
2.05
-4.58
-2.62
-1.71
-4.56
1.5
1.97
3.48
2.17
1.64
2.12
1.87
1.37
0.92
0.29
0.16
0.04
0.16
1.02
0.38
2.4
1.91
1.82
-0.78
-1.07
-0.45
-0.91
-0.6
-0.32
-0.66
-0.39
-0.02
0.01
0.1
0.13
-0.1
0.21
-0.26
0.24
-0.1
-0.1
0.27
1.86
2.03
1.67
1.97
2.14
2.03
0.89
2.02
-1.93
-0.4
0.25
0.6
-1.91
-0.02
1.76
1.97
1.94
1.65
0.79
1.99
1.62
1.93
0.08
-0.22
0.21
0.78
0.97
1.4
1.51
1.32
1.99
-4.69
0.0
0.73
-0.23
-0.16
1.99
0.21
-0.2
0.15
-0.55
-0.13
1.49
-4.55
0.39
1.66
-0.0
0.01
1.91
1.54
1.91
1.75
2.05
1.44
1.99
1.96
2.12
-1.58
0.13
-0.05
0.1
1.06
-0.4
0.08
2.11
1.78
1.46
2.27
1.85
2.01
2.01
2.01
0.06
-0.06
0.02
0.34
1.84
1.99
1.41
1.89
2.18
-0.03
-1.12
-0.5
0.05
0.58
0.62
-0.2
0.39
-0.06
-0.51
-0.35
-0.13
-0.2
-0.05
1.82
2.18
1.22
2.1
1.99
2.17
1.32
2.0
1.29
1.85
2.11
1.09
2.09
-2.71
0.11
-0.52
-0.17
1.0
-0.13
2.41
1.4
2.15
1.98
1.83
1.51
1.58
2.2
2.39
1.21
1.97
1.86
2.07
0.55
1.88
1.31
1.87
1.96
-0.02
-0.34
0.26
0.08
-0.1
0.48
0.05
0.46
-0.16
0.19
-0.26
-0.06
-0.0
2.22
1.3
0.78
2.48
1.12
1.67
2.04
1.75
1.84
2.02
1.95
2.07
2.0
-1.95
-0.22
-0.09
-0.06
-0.07
-1.23
2.11
2.76
2.19
1.66
1.88
1.77
1.56
1.93
2.01
1.89
1.91
1.96
1.88
1.43
2.04
1.8
1.3
1.6
0.1
-0.01
-0.34
0.15
-0.14
-0.18
0.6
-0.17
0.08
0.15
-0.3
-0.36
-3.82
1.58
2.0
2.12
1.64
2.09
1.88
1.95
1.91
1.67
1.48
0.53
2.04
2.04
2.2
2.28
-2.19
-4.28
-0.92
-0.59
0.93
1.76
2.13
1.32
2.14
2.13
1.48
2.01
1.83
1.93
1.97
2.01
1.83
2.02
1.89
1.35
3.0
2.1
-0.27
-0.43
0.05
0.76
0.06
-0.38
-0.18
-0.2
0.25
0.04
-0.34
0.39
0.04
2.0
1.1
2.24
2.08
1.99
2.03
1.9
1.13
2.06
2.16
1.42
2.01
1.3
1.39
1.96
2.0
2.12
2.13
1.12
1.46
2.89
1.76
1.15
1.72
1.97
1.64
1.6
1.97
2.39
1.86
2.11
1.96
1.68
2.1
1.91
1.99
2.25
-0.07
-0.14
-0.36
-0.73
0.55
0.43
0.03
-0.04
-0.31
0.7
-0.22
-0.2
1.04
-4.27
1.96
1.25
1.86
1.93
1.93
2.03
1.51
2.07
1.93
1.63
1.9
1.42
1.95
2.28
1.91
2.1
0.89
1.54
1.66
1.52
0.31
1.76
1.62
2.12
1.97
1.9
2.08
1.47
1.07
2.07
1.94
1.99
2.08
2.09
1.89
1.82
0.25
-0.79
0.04
-0.36
-0.07
0.17
-0.34
0.19
-1.66
0.11
0.09
0.15
0.09
0.08
0.25
1.71
2.14
0.69
1.84
2.1
2.26
2.15
2.23
1.23
1.62
2.1
1.8
2.01
2.13
1.94
2.01
2.31
2.15
0.61
2.1
2.03
2.2
2.0
0.8
2.04
2.15
1.57
2.14
1.95
2.14
1.45
1.62
1.78
2.07
1.83
0.01
-0.02
0.2
-0.07
0.02
-0.04
0.13
-0.02
-0.01
-0.05
0.23
0.16
-0.07
-0.27
-2.72
1.04
2.03
1.76
1.78
1.19
1.52
2.59
2.08
1.18
2.17
2.13
2.3
2.67
2.01
1.96
3.29
1.54
2.05
2.0
2.01
2.08
2.08
2.07
2.15
1.11
2.17
2.09
1.6
1.75
1.47
1.6
0.49
2.19
1.38
1.51
-0.31
-0.79
0.15
0.83
-0.0
-2.19
0.06
0.3
-0.04
-0.39
-0.16
-0.3
-0.51
-0.89
-0.12
1.6
1.98
1.71
2.14
1.42
2.2
2.19
1.39
2.14
2.22
2.19
2.0
2.07
2.21
0.59
2.47
2.06
2.24
2.3
1.27
2.31
1.72
2.16
2.72
1.05
1.05
1.87
1.97
1.86
0.85
1.95
2.04
1.59
1.39
1.94
-0.21
-1.14
-0.88
-0.49
-0.35
-0.63
-1.8
-1.06
-0.5
-0.43
-0.8
-0.81
-0.56
-0.44
-1.24
2.43
2.08
2.16
1.47
1.14
1.83
2.03
2.08
2.11
1.79
2.46
2.42
2.0
2.12
1.7
1.46
0.86
1.8
2.08
2.17
2.17
2.33
1.78
2.2
2.07
1.32
1.94
1.34
2.36
2.45
2.13
2.38
1.74
2.08
2.15
