1.83
1.84
2.39
1.31
2.23
2.14
2.8
1.34
2.4
2.23
1.88
2.3
-0.11
2.7
2.05
1.99
1.71
1.47
2.27
1.58
1.86
2.21
2.02
2.02
2.36
2.26
1.98
1.95
1.82
1.46
2.22
1.54
1.49
2.33
1.19
1.95
2.26
2.87
2.1
2.12
2.08
1.81
2.65
1.94
2.38
2.45
2.04
1.46
2.3
1.63
1.88
-2.28
-1.45
-2.83
1.11
-4.46
2.24
1.83
-2.24
2.15
-5.12
-2.32
-3.22
2.0
2.08
-2.28
-3.66
-5.44
-4.13
2.28
2.14
-5.36
-4.31
-4.33
2.05
1.47
-5.88
1.0
-4.6
-5.27
-4.38
-3.82
1.85
-2.61
-3.69
-5.0
-5.36
1.76
-5.26
-4.49
2.83
2.41
2.03
1.74
1.13
1.34
2.11
1.91
2.23
2.22
1.82
-4.67
2.14
2.16
2.21
-4.93
1.77
2.39
-5.15
3.15
-5.53
1.95
2.06
-4.49
1.98
-4.09
2.32
2.0
2.27
-4.72
1.09
-5.4
2.73
2.45
-5.3
1.86
-5.0
1.63
-4.93
2.61
2.83
1.93
2.19
-4.55
2.16
1.6
2.61
3.27
-4.33
-4.66
2.03
2.21
2.01
1.78
1.83
2.29
2.08
2.38
2.48
2.01
1.26
-4.7
2.66
1.7
2.15
-5.18
2.16
2.4
-4.79
2.59
-4.61
0.41
1.92
-4.68
1.79
-5.37
2.5
2.75
2.36
-4.74
1.61
-4.79
1.97
2.33
-5.26
2.3
-4.71
2.34
-4.51
2.34
2.29
2.55
0.82
-4.05
2.43
2.37
2.86
1.91
-4.72
-3.55
2.54
2.21
1.89
2.59
1.82
1.99
2.36
2.32
2.2
2.72
2.62
-5.38
-4.65
-5.39
1.83
-4.92
2.46
2.33
-3.06
2.88
-3.19
-5.39
-5.26
1.56
2.41
-2.58
-3.24
-4.73
-4.68
3.03
1.99
-4.31
-4.53
-5.04
1.92
2.02
-5.33
2.14
-4.6
-4.79
-4.01
-3.51
2.11
-2.88
-4.35
-3.33
2.28
2.4
-3.55
-3.55
3.28
3.05
1.38
1.84
2.42
1.93
1.92
3.65
2.83
2.53
1.66
2.24
1.37
-3.81
1.38
-5.13
3.13
1.96
-3.1
1.41
-4.07
-4.42
3.92
2.9
2.49
-4.18
3.11
1.72
2.55
1.66
2.79
-4.57
-4.79
2.15
2.04
2.6
-4.43
1.4
1.96
2.61
2.93
-4.42
2.76
-4.68
2.19
2.19
2.83
2.3
-3.14
-4.54
2.35
2.86
3.01
2.72
4.2
0.16
5.76
2.04
3.26
3.7
3.01
0.35
2.64
-4.62
-0.17
-4.97
1.5
2.46
-4.21
3.6
-5.17
0.27
-5.33
3.29
3.58
-5.42
2.23
3.13
2.25
0.41
1.44
-4.56
3.6
-4.98
1.65
3.57
-5.16
2.77
6.53
2.31
3.19
-4.44
2.04
-4.89
1.95
5.78
1.28
-1.29
2.34
1.87
2.62
3.74
3.88
3.56
2.83
-0.18
3.36
1.57
3.9
3.72
3.08
-4.75
-4.33
-4.8
3.21
-4.75
-4.61
-4.11
-4.59
0.03
-5.29
1.66
2.99
-4.58
2.74
-4.75
1.03
2.69
2.68
4.16
2.6
-4.58
4.16
3.71
-4.18
1.88
-4.64
5.2
-4.8
-4.43
-3.94
-3.77
2.16
-4.79
-4.7
-4.3
-5.13
4.34
-4.73
-5.03
-0.49
3.58
6.4
1.59
2.09
3.5
3.8
0.56
6.04
1.44
1.99
2.5
3.38
2.26
2.7
3.79
2.56
4.13
3.39
2.16
5.89
2.44
4.75
3.46
3.44
3.03
3.65
4.7
2.88
4.05
5.38
3.75
3.63
3.41
3.04
4.11
4.63
4.51
3.06
4.19
3.4
3.08
3.37
2.63
2.21
3.09
5.1
3.86
7.23
5.78
4.06
5.81
6.18
5.85
3.87
6.85
4.33
6.19
3.97
6.13
-0.24
-0.29
-0.53
-0.11
-2.94
-3.98
-1.11
-0.74
-0.64
-1.9
0.37
-0.03
-1.57
-0.35
0.03
-0.17
-0.42
-0.31
-3.57
-0.63
-0.69
-0.4
-0.35
-0.75
-0.31
-0.21
-0.63
1.39
0.18
0.44
-0.11
0.42
1.29
-1.31
-0.33
-0.27
-0.31
-0.07
-0.25
0.19
-0.14
0.03
0.08
0.14
0.16
0.18
-0.44
-0.1
0.08
-0.12
-0.36
-0.59
0.23
-0.06
-4.84
-5.09
-3.91
-4.17
-0.21
0.18
0.14
0.18
-0.6
-0.02
-0.52
-0.11
-0.25
-0.4
-0.7
-0.62
-0.09
0.09
-0.16
0.13
-0.88
-1.3
-0.49
-0.81
-0.21
-1.14
-0.55
-0.71
-0.72
-1.33
0.07
0.15
-1.13
0.53
-0.38
0.22
-0.12
0.3
0.18
-0.14
0.12
1.85
-0.02
0.31
-0.12
-0.02
-0.36
-0.13
-0.66
0.56
-3.84
-1.86
-4.36
0.52
-0.66
0.69
-4.39
-0.99
-0.05
-0.31
-0.84
0.27
0.55
-0.18
-1.42
0.01
0.11
-0.48
1.76
-0.73
-0.18
-0.05
-0.18
0.04
-0.08
-0.2
0.03
-0.73
-0.23
-0.2
-0.09
-0.08
0.04
-0.19
0.13
-0.28
-0.11
0.02
-0.29
-0.65
0.22
-0.21
0.27
0.37
-0.33
0.16
0.03
-0.24
-0.18
-0.18
-2.75
-4.43
-4.4
0.17
0.01
0.16
0.06
1.59
-0.27
0.06
-0.64
0.86
-1.72
-0.35
-0.35
-0.59
-0.46
-0.9
0.07
-0.1
0.08
-0.13
-1.12
-0.01
-0.28
-0.51
-1.17
0.24
-0.62
-1.36
0.85
-1.4
0.06
-0.02
0.16
0.61
-0.05
0.06
-0.06
0.34
0.09
-0.39
0.38
-1.95
0.07
3.34
0.17
-0.3
-0.09
0.15
0.65
0.18
-3.98
2.07
-0.15
1.01
-0.22
0.25
0.12
2.08
-0.71
-0.42
1.36
-0.11
-0.47
-0.55
-0.49
0.13
0.01
0.62
-1.53
-0.45
-0.08
0.8
-0.22
-0.11
-0.25
-0.36
-0.08
0.01
0.67
-0.24
-0.06
0.09
0.41
-0.67
-1.32
-1.59
0.26
-1.25
-0.6
-1.13
-1.25
-1.98
-1.1
-0.57
0.78
-0.49
-0.38
-0.02
-3.11
-0.09
-5.33
-2.94
-0.45
0.28
0.35
-0.11
0.18
0.55
-1.54
-4.61
4.62
-0.72
0.66
-0.32
-0.04
0.14
1.64
-0.4
0.18
0.12
-0.22
-0.83
0.02
0.05
-0.01
-0.6
-0.21
0.11
0.11
-1.29
-0.37
-0.13
-0.24
-0.25
-0.59
-0.93
-1.73
-2.31
-1.61
-1.84
-1.64
-1.29
-4.48
0.4
-0.21
-0.14
-1.08
-0.16
-0.27
-0.37
0.17
-4.87
0.93
0.5
0.07
0.14
-0.64
-0.27
-0.12
-0.05
-0.52
-0.61
0.41
-0.9
0.36
-0.05
0.36
0.17
-0.36
0.11
-1.22
0.18
-0.32
0.03
0.53
-0.01
0.37
-0.11
-2.13
-0.26
1.47
0.46
0.06
-0.27
-0.93
-3.99
-1.47
-2.01
-1.73
-1.45
-5.21
2.75
1.86
-0.07
-0.18
-0.16
0.29
-0.2
0.33
0.03
-0.65
-0.89
-0.22
0.47
0.36
0.14
-0.56
0.38
0.62
0.02
-0.18
0.13
-4.19
-0.34
0.54
0.37
-0.26
-0.69
-0.27
-0.79
0.55
0.07
0.15
-0.04
-0.85
0.1
-0.05
1.71
0.21
0.82
0.14
-0.14
0.23
-0.56
-1.51
-2.4
-2.05
-1.06
-5.06
-0.03
1.58
0.34
-0.54
0.82
0.18
0.05
-0.04
0.18
0.04
0.27
-0.03
0.19
-3.39
0.27
0.42
0.54
-0.19
1.71
0.0
0.26
0.69
0.19
0.28
-3.72
0.14
-2.03
-0.05
-0.29
-0.62
-0.11
0.05
-0.77
-0.12
-0.11
0.38
0.07
0.15
0.03
0.25
-0.03
-1.37
0.2
0.13
-0.35
-0.89
-0.79
0.26
0.46
0.18
0.08
-0.32
0.86
-0.46
0.33
-0.41
-0.95
-0.01
-0.26
0.07
-0.17
-0.16
-0.06
-1.66
0.04
0.14
-0.08
0.31
-0.6
2.12
0.25
-0.5
0.17
0.14
0.26
2.38
0.14
-0.19
-0.11
-0.12
0.26
-0.13
0.14
-0.12
-1.52
0.13
-0.86
-0.22
-0.19
-0.06
-0.2
0.05
-0.15
-0.12
-1.89
-0.12
0.35
-0.35
0.13
-0.1
0.3
-0.34
0.91
-0.15
0.44
-0.45
0.45
0.37
-0.1
0.21
-0.27
-0.1
-0.88
-1.21
-3.38
1.85
0.01
0.14
0.97
-0.05
-0.76
0.05
-0.44
0.24
-0.12
-0.4
1.76
-0.51
-1.06
-0.3
0.18
-1.61
-0.01
2.44
-1.32
-1.44
-4.52
-4.65
-2.37
-0.42
-0.38
-0.9
-0.84
-0.02
2.09
-0.29
0.18
0.16
-0.15
-0.09
0.09
-0.23
-1.7
0.2
1.27
-2.83
0.58
-0.4
0.28
0.14
-1.01
0.33
-0.44
-0.53
-1.15
2.26
0.65
-0.66
0.3
0.23
-0.19
0.27
1.15
0.49
-0.31
0.03
0.16
-0.44
-0.28
0.09
0.25
-0.26
-0.51
-1.01
1.29
0.58
2.16
1.76
1.2
0.99
-0.21
0.4
0.1
-0.03
-1.28
0.07
-0.24
0.22
0.22
-0.53
1.14
0.71
0.17
0.3
0.14
-1.06
-0.4
-0.19
-0.06
-0.13
0.2
-0.31
-1.18
-1.53
-0.74
-0.04
1.83
-2.82
0.2
0.35
-0.26
-0.24
0.74
0.5
0.02
-0.05
0.39
0.34
0.0
0.1
0.28
0.19
0.49
0.67
-0.13
1.4
0.19
-0.01
0.87
0.19
-0.04
-0.15
0.15
-0.65
2.81
0.7
0.13
-0.59
0.16
0.05
0.37
1.19
-0.3
0.34
0.2
0.09
0.15
-0.42
-0.17
0.59
0.04
-0.19
0.14
-0.77
0.01
-1.52
-3.15
0.67
0.27
0.53
0.35
1.55
0.73
0.55
0.31
0.48
1.16
0.83
-0.13
0.78
0.55
0.09
-0.03
0.34
0.12
1.07
0.56
0.01
-0.28
0.26
0.82
-0.65
0.38
0.6
0.68
-0.04
0.99
0.18
0.39
0.78
0.14
-0.15
0.02
0.66
0.55
-1.07
-0.83
-0.79
-0.83
-0.92
-1.07
-1.1
-1.12
-1.07
-2.36
-1.38
-1.37
-4.25
3.74
-0.08
0.27
0.71
0.32
0.33
0.84
0.71
-0.41
1.59
0.86
0.23
0.94
0.47
-0.35
-0.01
0.37
1.06
0.76
-0.07
0.88
0.4
0.78
0.97
0.4
-0.33
0.31
-1.48
0.43
1.18
-0.58
0.71
1.33
-0.85
0.89
1.02
2.21
-0.94
-1.41
-1.42
-1.04
-1.48
-0.84
-0.4
-1.63
-1.44
-1.69
-2.87
-0.65
-4.25
-4.67
-0.09
1.02
-4.17
1.91
0.34
0.12
0.96
0.47
0.93
0.17
1.23
-0.32
0.64
-0.75
1.17
0.02
0.99
-0.09
1.06
0.95
0.4
0.0
0.95
0.96
1.21
1.28
0.75
-0.21
0.66
-0.05
1.56
-0.27
5.31
1.53
1.92
-0.18
-1.54
-2.34
-1.61
-2.66
-0.61
-2.83
-2.29
-1.1
-2.13
-1.11
-1.71
-2.76
-2.38
-2.86
-4.63
-3.79
-0.39
1.66
0.15
1.07
0.83
-0.75
1.15
0.75
0.81
1.0
-0.04
0.43
2.2
1.22
0.82
0.74
0.5
-0.53
-0.46
0.36
-0.39
1.15
1.42
-0.48
0.79
1.4
0.25
0.42
0.95
1.17
1.46
-1.02
0.35
0.25
-4.56
-4.33
-3.78
-4.3
-4.44
-4.29
-1.95
-2.52
-1.02
-1.33
-2.07
-1.58
-1.33
-2.69
-4.71
0.27
1.68
0.31
2.85
-0.08
0.29
0.71
1.2
0.84
0.91
0.87
0.67
0.26
0.6
1.42
5.63
0.54
1.3
0.72
0.3
1.53
1.4
0.89
1.02
1.04
0.86
0.63
0.52
0.55
1.49
0.94
-4.14
0.14
-0.29
0.12
-4.06
-2.55
-4.57
-3.72
-3.49
-3.97
-0.9
-2.5
-1.71
-0.39
-2.94
-1.35
-1.8
-2.2
-1.05
0.74
1.2
1.43
0.45
1.08
5.29
-0.61
0.59
0.89
0.91
0.37
0.2
0.77
1.25
1.04
1.23
1.48
0.93
-1.1
2.1
0.75
0.7
1.57
0.99
0.44
0.85
0.8
0.75
1.22
0.69
-3.8
-0.45
-0.2
0.42
-0.1
-3.7
-4.29
-4.86
-4.63
-4.85
-4.47
-4.23
-3.77
-2.13
-1.5
0.66
-1.51
-0.5
-1.99
-0.26
1.98
1.02
0.57
0.83
1.79
0.83
-0.57
1.03
1.16
0.5
1.22
1.11
1.14
0.32
0.59
0.42
0.87
0.91
0.91
1.48
0.71
0.86
1.26
0.21
1.03
0.63
1.2
-0.11
1.29
0.91
1.11
-0.2
-0.15
-0.43
-0.14
-4.57
-2.8
-4.46
-4.1
-4.31
-4.34
-4.77
-4.02
-2.15
-0.63
-0.75
-0.75
-1.46
-4.96
1.12
1.18
1.07
1.28
1.14
-4.21
0.35
-2.38
0.71
1.07
0.96
0.81
0.8
1.01
1.25
0.79
0.73
0.09
1.77
0.95
0.59
0.1
0.02
-5.45
-4.81
0.81
1.37
1.11
3.95
1.09
0.54
1.4
-4.5
-1.01
-0.13
-0.11
-5.11
-4.26
-5.45
-3.49
-3.6
-4.42
-4.41
-3.93
-3.26
-0.99
-0.82
-1.12
-1.68
2.08
1.14
1.5
0.81
0.38
2.14
0.03
2.51
-4.17
-4.06
1.97
-0.05
0.74
0.84
0.69
1.16
1.65
1.53
1.34
5.96
1.42
0.95
-5.02
1.77
1.4
-1.26
1.37
1.46
1.71
1.35
0.66
1.14
0.67
1.06
0.57
-0.56
-0.56
-4.37
-4.33
-4.27
-3.42
-4.0
-4.37
-4.92
-4.34
-2.72
-1.45
-0.19
-0.82
-0.56
0.77
1.35
0.5
1.06
0.78
1.81
-2.09
-4.02
-5.17
-4.07
2.02
1.08
2.58
1.34
1.49
2.83
1.16
-0.26
1.66
1.29
0.99
1.75
-4.86
-2.94
-3.51
-4.39
2.16
0.95
1.24
0.99
0.95
1.38
4.45
1.6
-1.76
-1.29
-0.38
-3.87
-3.91
-4.06
-4.8
-3.84
-3.46
-4.29
-0.83
-3.55
-0.98
-0.45
0.08
-3.85
1.87
0.73
1.88
0.69
0.74
0.99
-4.74
-4.02
-2.78
-0.01
0.63
1.58
1.71
1.52
1.41
2.09
0.96
1.31
1.28
2.41
0.95
0.74
0.12
-4.96
-2.0
-4.61
1.88
1.39
1.72
0.78
1.31
0.86
3.19
1.35
-5.2
-1.85
-1.22
-4.9
-4.6
-4.6
-4.89
-2.83
-3.95
-3.36
-1.32
-3.53
-0.2
-0.49
-0.8
1.87
0.69
0.98
1.8
1.32
1.22
1.13
1.02
-2.54
-1.25
2.03
1.25
0.76
1.12
1.23
3.12
1.71
1.39
1.52
1.36
1.21
1.55
1.72
1.85
1.95
0.04
1.11
5.71
0.96
0.86
1.34
1.21
1.3
1.9
1.08
2.22
-0.81
-1.04
-4.46
-3.76
-5.17
-3.66
-4.2
-4.13
-3.74
-2.64
-1.57
-1.49
-1.0
-0.04
2.85
-0.03
1.64
0.86
1.92
1.49
1.38
1.69
1.62
1.98
2.0
1.4
1.34
1.17
-4.49
-5.06
-4.87
-0.29
1.98
1.61
1.71
2.1
2.06
1.61
1.65
1.74
1.79
2.32
1.17
1.77
1.5
2.06
0.73
1.35
1.53
1.68
-1.21
-0.15
-2.84
-5.7
-4.41
-4.14
-4.76
-4.63
-3.77
-2.25
-2.85
-2.19
-0.67
-1.17
0.5
1.78
-0.31
-0.38
0.88
1.71
1.49
1.86
1.66
1.29
1.76
1.67
1.84
1.67
1.73
2.13
1.63
2.33
2.56
1.7
1.53
1.5
0.95
1.31
1.53
1.94
0.5
1.47
1.84
3.95
-0.65
1.18
1.44
1.49
2.22
1.06
-3.82
-1.19
-4.8
-4.3
-3.91
-3.67
-4.22
-4.3
-4.32
-2.37
-0.5
-0.2
-0.58
-4.71
2.32
0.16
-0.15
-0.31
0.55
0.18
1.5
2.97
1.43
0.62
1.82
1.93
1.03
1.66
1.35
1.8
1.35
2.16
1.83
1.94
1.56
2.12
1.71
1.63
1.43
2.09
0.87
-0.3
-0.15
0.13
-0.3
-0.58
-0.24
2.0
1.5
1.36
-1.27
-0.84
-0.85
-1.32
-3.43
-2.41
-3.34
-1.2
-1.2
-1.16
-0.09
-0.36
-0.59
-4.82
-0.62
-0.23
0.09
0.68
-0.58
0.23
1.97
1.43
1.84
1.61
1.98
1.86
1.65
1.66
2.06
1.18
1.79
2.21
-0.08
2.22
3.11
1.87
1.14
2.25
1.77
1.42
2.07
-1.25
0.11
-0.08
-0.12
0.74
-0.08
0.06
2.02
1.2
-0.1
-0.27
-0.92
-2.03
-1.6
-1.05
-1.55
-0.92
-1.06
-0.75
-0.97
-0.71
-0.55
0.42
-0.1
-0.18
0.08
0.5
0.48
0.15
1.38
2.05
1.62
2.04
1.8
1.84
2.1
1.4
1.47
-3.78
-3.18
-4.72
-4.85
0.99
1.63
1.92
2.46
1.43
2.01
1.32
1.83
0.11
0.47
0.34
0.36
-0.29
0.46
-0.46
3.08
1.34
1.58
-0.19
-0.7
-0.14
-0.59
-0.7
-0.66
0.27
-0.81
-0.18
0.16
0.21
-0.05
-0.3
0.27
-0.42
0.07
-0.09
-0.37
0.37
1.86
1.85
2.02
1.75
2.26
1.87
0.15
1.85
-2.38
-0.63
0.56
0.97
-1.46
-0.02
0.86
0.91
2.28
1.6
-0.64
1.76
1.59
2.13
-0.11
-0.09
-0.21
0.16
0.05
1.68
1.9
1.45
2.19
-4.2
0.16
0.55
0.02
0.05
1.79
0.27
-0.33
0.02
-0.29
-0.4
1.77
-4.54
0.55
1.29
0.12
0.04
1.84
1.31
1.95
1.97
2.26
1.77
2.0
1.28
1.98
-4.23
0.06
-0.11
0.24
1.68
-0.57
0.02
2.0
1.78
1.42
1.98
1.78
1.77
1.78
1.94
-0.01
-0.44
-0.23
0.63
2.32
1.44
1.94
1.83
1.69
0.04
-1.5
-0.34
-0.21
0.78
-0.11
-0.12
0.28
0.02
-0.81
0.52
-0.36
-0.02
-0.08
2.01
1.86
0.85
2.28
1.73
2.07
1.38
1.22
1.33
3.26
1.36
0.3
1.96
-3.32
0.16
0.15
-0.16
1.4
-0.4
2.26
1.97
2.1
1.76
1.76
1.12
1.83
2.04
1.89
1.89
1.73
1.85
1.92
1.58
2.13
1.36
1.86
1.95
-0.2
-0.61
0.37
0.09
-0.12
-0.28
0.4
0.67
-0.12
0.46
-0.48
-0.2
-0.17
1.98
1.12
-0.25
2.23
0.91
1.49
1.87
2.04
1.86
2.09
2.05
2.14
1.7
-2.19
0.4
1.43
-0.12
-0.09
-1.3
1.97
3.31
2.11
1.33
1.35
1.46
1.85
1.78
1.84
2.01
1.82
1.79
1.77
1.22
1.86
1.79
1.19
1.56
0.08
0.14
-0.16
0.56
0.19
-0.13
0.24
-0.5
-0.05
-0.06
-0.09
-0.47
-3.17
1.37
1.94
1.77
0.7
1.38
2.13
2.0
1.9
1.5
1.46
1.87
1.71
1.91
1.78
1.76
-2.3
-4.08
-1.11
-0.4
1.14
0.7
2.24
1.36
1.6
1.82
1.45
1.54
1.43
1.6
2.25
1.89
1.49
2.08
1.79
1.45
3.18
2.14
0.1
-1.0
-0.13
0.44
-0.06
-0.3
-0.39
-0.23
0.29
0.24
0.03
0.61
-0.09
1.39
1.22
1.98
1.88
1.72
1.8
1.97
1.04
1.76
2.07
1.46
2.23
0.67
2.21
1.22
1.95
1.85
1.85
0.58
2.0
3.51
1.84
1.17
1.5
2.19
2.36
2.26
1.51
2.31
1.64
1.88
1.68
1.8
2.52
1.86
1.91
2.23
-0.23
0.11
-0.5
-0.69
0.4
0.65
-0.07
-0.4
0.09
1.52
-0.33
0.26
0.7
-3.57
1.87
1.64
2.06
1.84
1.78
1.95
1.45
1.93
1.97
1.6
2.02
1.9
1.83
1.87
1.87
1.43
1.2
1.35
1.45
1.45
1.01
2.18
1.86
1.95
1.54
1.63
1.94
1.6
1.41
1.62
1.94
2.07
1.87
1.87
1.65
1.87
0.35
-0.97
-0.1
-0.99
0.18
-0.27
-0.1
0.37
-1.77
0.17
0.38
0.01
0.03
0.03
0.13
1.97
2.11
0.04
1.92
1.94
2.29
2.26
2.18
1.37
0.68
1.95
1.53
1.93
1.98
1.69
1.85
1.9
1.87
1.28
2.22
1.4
1.87
1.82
1.35
1.93
1.99
1.26
2.22
1.63
2.23
1.63
1.1
1.22
1.98
1.9
-0.28
0.04
0.03
-0.07
-0.18
-0.14
-0.09
-0.25
-0.25
0.01
0.46
0.09
0.07
-0.28
-1.19
1.43
1.51
1.98
1.49
1.15
1.74
2.85
1.76
1.58
2.15
1.71
2.15
3.24
1.84
1.79
3.51
1.75
1.93
1.78
1.47
1.75
2.03
1.94
2.25
1.65
2.19
1.48
1.14
1.83
1.94
1.84
1.03
2.06
0.99
1.04
0.0
-1.25
0.01
-0.05
-0.15
-1.97
0.26
0.38
-0.11
-0.16
0.16
-0.19
0.19
-0.48
0.07
2.68
1.68
1.48
1.96
0.96
2.07
2.21
1.62
2.54
1.85
2.24
1.78
1.67
2.06
-0.33
2.07
1.51
1.89
1.84
1.77
2.09
2.37
1.61
2.45
0.95
1.21
1.72
1.68
1.92
1.34
1.79
2.12
2.07
1.87
1.95
-0.14
-0.71
-0.67
-0.38
-0.83
-0.91
-1.32
-0.6
-0.45
-0.42
-0.45
-0.34
-0.8
-0.59
-1.5
2.33
2.38
2.15
0.6
1.34
1.85
1.95
1.33
2.07
1.66
1.97
2.28
1.49
1.99
1.51
1.54
1.02
1.96
1.93
2.33
2.14
2.26
2.29
2.06
1.87
1.68
1.82
1.71
1.98
2.37
2.37
2.29
1.64
1.83
2.06
